No block 1

(1, 84096) (2, 84096) (4, 83432) (8, 82920) (16, 85520) (32, 118416) (64, 400016) (128, 2684976) (256, 20948768) (512, 168063060)


No block 100

(1, 28422584) (2, 28422584) (4, 14366276) (8, 7337912) (16, 1156920) (32, 533232) (64, 748792) (128, 2946032) (256, 21310384) (512, 168063060)


no block 200

(1, 113669976) (2, 113669976) (4, 56758728) (8, 14590668) (16, 3991944) (32, 1387072) (64, 1067312) (128, 3346440) (256, 21491648) (512, 168063060)


no block 300

(1, 227015700) (2, 227015700) (4, 113884548) (8, 56971812) (16, 7725076) (32, 2464596) (64, 1340444) (128, 3712880) (256, 21674792) (512, 168063060)


No block 400

(1, 453515252) (2, 453515252) (4, 227252972) (8, 57207512) (16, 14932020) (32, 4405164) (64, 1747044) (128, 4222176) (256, 21856208) (512, 168063060)


No block 500

(1, 906240764) (2, 453716168) (4, 227453876) (8, 113630516) (16, 29281244) (32, 4599624) (64, 1927120) (128, 4383536) (256, 22240400) (512, 169504304)
